[bg1.jpg]
filters=finetune2=1,0.000000,0.143158,0.084211,00000000,0.637427;warm=1;PicnikGrain=1,8.771930,0;CrossProcess=1,44.444447;
moddate=465c9afd31d6cf01
width=1280
height=853
textactive=0
